# Exported from Wings 3D 1.5.3
mtllib pan.mtl
o Cube2
#32 vertices, 20 faces
v -0.41265901 -2.7606459e-2 -0.19132076
v -0.41265901 2.7606459e-2 -0.19132076
v 0.46516447 -2.7606459e-2 -0.19132076
v 0.46516447 2.7606459e-2 -0.19132076
v -0.41265901 -2.7606459e-2 -0.71059247
v -6.8634075e-2 -2.7606459e-2 -1.05461741
v -0.41265901 2.7606459e-2 -0.71059247
v -6.8634075e-2 2.7606459e-2 -1.05461741
v 0.12113953 -2.7606459e-2 -1.05461741
v 0.46516447 -2.7606459e-2 -0.71059247
v 0.12113953 2.7606459e-2 -1.05461741
v 0.46516447 2.7606459e-2 -0.71059247
v 0.35969939 -2.7606459e-2 -0.94915233
v 0.35969939 2.7606459e-2 -0.94915233
v -0.30719393 -2.7606459e-2 -0.94915233
v -0.30719393 2.7606459e-2 -0.94915233
v 0.43262257 2.7606459e-2 -0.83879849
v 0.43262257 -2.7606459e-2 -0.83879849
v -0.38011711 -2.7606459e-2 -0.83879849
v -0.38011711 2.7606459e-2 -0.83879849
v -0.19684009 2.7606459e-2 -1.02207550
v -0.19684009 -2.7606459e-2 -1.02207550
v 0.24934555 -2.7606459e-2 -1.02207550
v 0.24934555 2.7606459e-2 -1.02207550
v -2.9751576e-2 -4.9380856e-2 -6.3985109e-2
v 8.2257036e-2 -4.9380856e-2 -6.3985109e-2
v -2.9751576e-2 4.9380856e-2 -6.3985109e-2
v 8.2257036e-2 4.9380856e-2 -6.3985109e-2
v 8.2257036e-2 4.9380856e-2 1.22995500
v -2.9751576e-2 4.9380856e-2 1.22995500
v -2.9751576e-2 -4.9380856e-2 1.22995500
v 8.2257036e-2 -4.9380856e-2 1.22995500
vt 0.0000000e+0 0.56388625
vt 0.0000000e+0 0.76986792
vt 0.0000000e+0 0.90633372
vt 0.0000000e+0 0.94551272
vt 0.0000000e+0 0.98469172
vt 1.2909449e-2 0.82072393
vt 4.1838240e-2 0.86449845
vt 8.5615861e-2 0.89342519
vt 0.13647548 0.90633372
vt 0.15190026 0.0000000e+0
vt 0.15190026 0.51327260
vt 0.19633433 0.0000000e+0
vt 0.19633433 0.51327260
vt 0.21175911 0.90633372
vt 0.26261873 0.89342519
vt 0.30639635 0.86449845
vt 0.33532514 0.82072393
vt 0.34823459 0.56388625
vt 0.34823459 0.76986792
vt 0.34823459 0.76986792
vt 0.34823459 0.56388625
vt 0.36114404 0.82072393
vt 0.39007283 0.86449845
vt 0.43385046 0.89342519
vt 0.48471008 0.90633372
vt 0.50013485 0.0000000e+0
vt 0.50013485 0.51327260
vt 0.51330902 0.90633372
vt 0.51330902 0.94551272
vt 0.51330902 0.95415067
vt 0.51330902 0.97605376
vt 0.51330902 0.98469172
vt 0.54456893 0.51327260
vt 0.54456893 0.0000000e+0
vt 0.55999370 0.90633372
vt 0.61085333 0.89342519
vt 0.65463095 0.86449845
vt 0.67338833 0.91497167
vt 0.67338833 0.93687477
vt 0.67338833 0.94551272
vt 0.67338833 0.98469172
vt 0.68355974 0.82072393
vt 0.69646919 4.3806183e-2
vt 0.69646919 6.5709274e-2
vt 0.69646919 0.10488827
vt 0.69646919 0.76986792
vt 0.69646919 0.0000000e+0
vt 0.69646919 2.1903091e-2
vt 0.69646919 4.3806183e-2
vt 0.69646919 0.56388625
vt 0.74024681 4.3806183e-2
vt 0.74024681 6.5709274e-2
vt 0.74090326 6.5709274e-2
vt 0.74090326 0.10488827
vt 0.74381644 2.1903091e-2
vt 0.74381644 4.3806183e-2
vt 0.79110643 4.3806183e-2
vt 0.79110643 6.5709274e-2
vt 0.79597001 2.1903091e-2
vt 0.79597001 4.3806183e-2
vt 0.86639006 4.3806183e-2
vt 0.86639006 6.5709274e-2
vt 0.90049917 0.0000000e+0
vt 0.90049917 2.1903091e-2
vt 0.91724968 4.3806183e-2
vt 0.91724968 6.5709274e-2
vt 0.95265275 0.0000000e+0
vt 0.95265275 2.1903091e-2
vt 0.96102730 4.3806183e-2
vt 0.96102730 6.5709274e-2
vt 1.00000000 0.0000000e+0
vt 1.00000000 2.1903091e-2
vt 1.00000000 4.3806183e-2
vn -0.69295580 -0.52668601 0.49235567
vn -0.69295580 0.52668601 0.49235567
vn 0.69295580 -0.52668601 0.49235567
vn 0.69295580 0.52668601 0.49235567
vn -0.88552035 -0.44962552 -0.11700682
vn -0.11008690 -0.44741996 -0.88752254
vn -0.88552035 0.44962552 -0.11700682
vn -0.11008690 0.44741996 -0.88752254
vn 0.11008690 -0.44741996 -0.88752254
vn 0.88552035 -0.44962552 -0.11700682
vn 0.11008690 0.44741996 -0.88752254
vn 0.88552035 0.44962552 -0.11700682
vn 0.62729217 -0.45267299 -0.63371263
vn 0.62729217 0.45267299 -0.63371263
vn -0.62729217 -0.45267299 -0.63371263
vn -0.62729217 0.45267299 -0.63371263
vn 0.81383671 0.45119328 -0.36618908
vn 0.81383671 -0.45119328 -0.36618908
vn -0.81383671 -0.45119328 -0.36618908
vn -0.81383671 0.45119328 -0.36618908
vn -0.35874870 0.44988795 -0.81786319
vn -0.35874870 -0.44988795 -0.81786319
vn 0.35874870 -0.44988795 -0.81786319
vn 0.35874870 0.44988795 -0.81786319
vn -0.51192522 -0.77822398 0.36373068
vn 0.51192522 -0.77822398 0.36373068
vn -0.51192522 0.77822398 0.36373068
vn 0.51192522 0.77822398 0.36373068
vn 0.57735027 0.57735027 0.57735027
vn -0.57735027 0.57735027 0.57735027
vn -0.57735027 -0.57735027 0.57735027
vn 0.57735027 -0.57735027 0.57735027
g Cube2_Cube2_auv
usemtl Cube2_auv
s 1
f 1/50/1 5/46/5 19/42/19 15/37/15 22/36/22 6/35/6 9/25/9 23/24/23 13/23/13 18/22/18 10/20/10 3/21/3 26/27/26 25/33/25
f 1/30/1 25/40/25 27/41/27 2/31/2
f 2/73/2 7/60/7 5/59/5 1/72/1
f 3/47/3 10/63/10 12/64/12 4/48/4
f 4/39/4 28/29/28 26/28/26 3/38/3
f 6/61/6 8/62/8 11/58/11 9/57/9
f 6/61/6 22/65/22 21/66/21 8/62/8
f 7/60/7 20/56/20 19/55/19 5/59/5
f 10/63/10 18/67/18 17/68/17 12/64/12
f 11/58/11 24/52/24 23/51/23 9/57/9
f 17/68/17 18/67/18 13/71/13 14/72/14
f 19/55/19 20/56/20 16/49/16 15/48/15
f 21/66/21 22/65/22 15/69/15 16/70/16
f 23/51/23 24/52/24 14/44/14 13/43/13
f 25/4/25 31/29/31 30/32/30 27/5/27
f 26/27/26 32/26/32 31/34/31 25/33/25
f 27/11/27 28/13/28 4/18/4 12/19/12 17/17/17 14/16/14 24/15/24 11/14/11 8/9/8 21/8/21 16/7/16 20/6/20 7/2/7 2/1/2
f 27/11/27 30/10/30 29/12/29 28/13/28
f 28/29/28 29/4/29 32/3/32 26/28/26
f 30/45/30 31/44/31 32/53/32 29/54/29
o image1
#8 vertices, 6 faces
v 0.12325683 -5.0000000e-4 1.40883205
v -1.40883205 -5.0000000e-4 0.12325683
v -1.40883205 5.0000000e-4 0.12325683
v 0.12325683 5.0000000e-4 1.40883205
v 1.40883205 -5.0000000e-4 -0.12325683
v -0.12325683 -5.0000000e-4 -1.40883205
v -0.12325683 5.0000000e-4 -1.40883205
v 1.40883205 5.0000000e-4 -0.12325683
vt 0.0000000e+0 0.0000000e+0
vt 0.0000000e+0 0.97656250
vt 0.97656250 0.0000000e+0
vt 0.97656250 0.97656250
vn -0.64278761 0.0000000e+0 0.76604444
vn 0.76604444 0.0000000e+0 0.64278761
vn -8.6301421e-17 -1.00000000 7.5503960e-18
vn -0.64278761 0.0000000e+0 0.76604444
vn -0.76604444 0.0000000e+0 -0.64278761
vn -8.6301421e-17 -1.00000000 7.5503960e-18
vn -0.64278761 0.0000000e+0 0.76604444
vn 8.6301421e-17 1.00000000 -7.5503960e-18
vn -0.76604444 0.0000000e+0 -0.64278761
vn -0.64278761 0.0000000e+0 0.76604444
vn 8.6301421e-17 1.00000000 -7.5503960e-18
vn 0.76604444 0.0000000e+0 0.64278761
vn 0.76604444 0.0000000e+0 0.64278761
vn 0.64278761 0.0000000e+0 -0.76604444
vn -8.6301421e-17 -1.00000000 7.5503960e-18
vn -0.76604444 0.0000000e+0 -0.64278761
vn 0.64278761 0.0000000e+0 -0.76604444
vn -8.6301421e-17 -1.00000000 7.5503960e-18
vn 8.6301421e-17 1.00000000 -7.5503960e-18
vn -0.76604444 0.0000000e+0 -0.64278761
vn 0.64278761 0.0000000e+0 -0.76604444
vn 8.6301421e-17 1.00000000 -7.5503960e-18
vn 0.76604444 0.0000000e+0 0.64278761
vn 0.64278761 0.0000000e+0 -0.76604444
g image1_default
usemtl default
s 1
f 33//33 36//42 35//39 34//36
f 38//49 39//53 40//56 37//46
s 3
f 33//34 37//45 40//55 36//44
f 35//41 39//52 38//48 34//37
g image1_image
usemtl image
s 2
f 34/75/38 38/77/50 37/76/47 33/74/35
f 36/74/43 40/76/54 39/77/51 35/75/40
